{
 "cells": [
  {
   "cell_type": "code",
   "execution_count": 37,
   "metadata": {},
   "outputs": [],
   "source": [
    "import numpy as np\n",
    "import pandas as pd"
   ]
  },
  {
   "cell_type": "code",
   "execution_count": 38,
   "metadata": {},
   "outputs": [],
   "source": [
    "def covar(data1, data2):\n",
    "    x_mean = np.mean(data1)\n",
    "    y_mean = np.mean(data2)\n",
    "    i, s = 0, []\n",
    "    for i in range(len(data1)):\n",
    "        p = (data1[i]-x_mean)*(data2[i]-y_mean)\n",
    "        s.append(p)\n",
    "    return (sum(s)/len(data1))"
   ]
  },
  {
   "cell_type": "code",
   "execution_count": 47,
   "metadata": {},
   "outputs": [],
   "source": [
    "def pcoeff(data):\n",
    "    x = data[0]\n",
    "    y = data[1]\n",
    "    std_x = np.std(x)\n",
    "    std_y = np.std(y)\n",
    "    pcoeff_ =  covar(x, y)/(std_x*std_y)\n",
    "    return np.round(pcoeff_, decimals=5)"
   ]
  },
  {
   "cell_type": "code",
   "execution_count": 48,
   "metadata": {},
   "outputs": [],
   "source": [
    "def send_data(x, y, a):\n",
    "    if(a == '1'):\n",
    "        d1 = [float(i) for i in x]\n",
    "        d2 = [float(i) for i in y]\n",
    "        print(covar(d1, d2))\n",
    "    elif(a == '2'):\n",
    "        d1 = [float(i) for i in x]\n",
    "        d2 = [float(i) for i in y]\n",
    "        d = [d1, d2]\n",
    "        print(pcoeff(d))"
   ]
  },
  {
   "cell_type": "code",
   "execution_count": 49,
   "metadata": {},
   "outputs": [],
   "source": [
    "def col_to_check(a, b, c):\n",
    "    if(c=='1'):\n",
    "        for i in a:\n",
    "            print(\"Covariance between {} and {} is: \".format(i, b))\n",
    "            send_data(df[i], df[b], c)\n",
    "    elif(c=='2'):\n",
    "        for i in a:\n",
    "            print(\"Pearson Coefficient between {} and {} is: \".format(i, b))\n",
    "            send_data(df[i], df[b], c)"
   ]
  },
  {
   "cell_type": "code",
   "execution_count": 50,
   "metadata": {},
   "outputs": [
    {
     "data": {
      "text/html": [
       "<div>\n",
       "<style scoped>\n",
       "    .dataframe tbody tr th:only-of-type {\n",
       "        vertical-align: middle;\n",
       "    }\n",
       "\n",
       "    .dataframe tbody tr th {\n",
       "        vertical-align: top;\n",
       "    }\n",
       "\n",
       "    .dataframe thead th {\n",
       "        text-align: right;\n",
       "    }\n",
       "</style>\n",
       "<table border=\"1\" class=\"dataframe\">\n",
       "  <thead>\n",
       "    <tr style=\"text-align: right;\">\n",
       "      <th></th>\n",
       "      <th>User_ID</th>\n",
       "      <th>Gender</th>\n",
       "      <th>Age</th>\n",
       "      <th>Height</th>\n",
       "      <th>Weight</th>\n",
       "      <th>Duration</th>\n",
       "      <th>Heart_Rate</th>\n",
       "      <th>Body_Temp</th>\n",
       "      <th>Calories</th>\n",
       "    </tr>\n",
       "  </thead>\n",
       "  <tbody>\n",
       "    <tr>\n",
       "      <th>0</th>\n",
       "      <td>14733363</td>\n",
       "      <td>male</td>\n",
       "      <td>68</td>\n",
       "      <td>190.0</td>\n",
       "      <td>94.0</td>\n",
       "      <td>29.0</td>\n",
       "      <td>105.0</td>\n",
       "      <td>40.8</td>\n",
       "      <td>231.0</td>\n",
       "    </tr>\n",
       "    <tr>\n",
       "      <th>1</th>\n",
       "      <td>14861698</td>\n",
       "      <td>female</td>\n",
       "      <td>20</td>\n",
       "      <td>166.0</td>\n",
       "      <td>60.0</td>\n",
       "      <td>14.0</td>\n",
       "      <td>94.0</td>\n",
       "      <td>40.3</td>\n",
       "      <td>66.0</td>\n",
       "    </tr>\n",
       "    <tr>\n",
       "      <th>2</th>\n",
       "      <td>11179863</td>\n",
       "      <td>male</td>\n",
       "      <td>69</td>\n",
       "      <td>179.0</td>\n",
       "      <td>79.0</td>\n",
       "      <td>5.0</td>\n",
       "      <td>88.0</td>\n",
       "      <td>38.7</td>\n",
       "      <td>26.0</td>\n",
       "    </tr>\n",
       "    <tr>\n",
       "      <th>3</th>\n",
       "      <td>16180408</td>\n",
       "      <td>female</td>\n",
       "      <td>34</td>\n",
       "      <td>179.0</td>\n",
       "      <td>71.0</td>\n",
       "      <td>13.0</td>\n",
       "      <td>100.0</td>\n",
       "      <td>40.5</td>\n",
       "      <td>71.0</td>\n",
       "    </tr>\n",
       "    <tr>\n",
       "      <th>4</th>\n",
       "      <td>17771927</td>\n",
       "      <td>female</td>\n",
       "      <td>27</td>\n",
       "      <td>154.0</td>\n",
       "      <td>58.0</td>\n",
       "      <td>10.0</td>\n",
       "      <td>81.0</td>\n",
       "      <td>39.8</td>\n",
       "      <td>35.0</td>\n",
       "    </tr>\n",
       "  </tbody>\n",
       "</table>\n",
       "</div>"
      ],
      "text/plain": [
       "    User_ID  Gender  Age  Height  Weight  Duration  Heart_Rate  Body_Temp  \\\n",
       "0  14733363    male   68   190.0    94.0      29.0       105.0       40.8   \n",
       "1  14861698  female   20   166.0    60.0      14.0        94.0       40.3   \n",
       "2  11179863    male   69   179.0    79.0       5.0        88.0       38.7   \n",
       "3  16180408  female   34   179.0    71.0      13.0       100.0       40.5   \n",
       "4  17771927  female   27   154.0    58.0      10.0        81.0       39.8   \n",
       "\n",
       "   Calories  \n",
       "0     231.0  \n",
       "1      66.0  \n",
       "2      26.0  \n",
       "3      71.0  \n",
       "4      35.0  "
      ]
     },
     "execution_count": 50,
     "metadata": {},
     "output_type": "execute_result"
    }
   ],
   "source": [
    "df = pd.read_csv('Example_data.csv')\n",
    "df.drop(\"Unnamed: 0\", axis=1, inplace=True)\n",
    "df.head()"
   ]
  },
  {
   "cell_type": "code",
   "execution_count": 51,
   "metadata": {},
   "outputs": [
    {
     "name": "stdout",
     "output_type": "stream",
     "text": [
      "Covariance between Duration and Calories is: \n",
      "496.396056946666\n",
      "Covariance between Heart_Rate and Calories is: \n",
      "537.3876339822232\n",
      "Covariance between Body_Temp and Calories is: \n",
      "40.1271870782222\n"
     ]
    }
   ],
   "source": [
    "col_to_check(['Duration','Heart_Rate','Body_Temp'], 'Calories', '1')"
   ]
  },
  {
   "cell_type": "code",
   "execution_count": 52,
   "metadata": {},
   "outputs": [
    {
     "name": "stdout",
     "output_type": "stream",
     "text": [
      "Pearson Coefficient between Duration and Calories is: \n",
      "0.95542\n",
      "Pearson Coefficient between Heart_Rate and Calories is: \n",
      "0.89788\n",
      "Pearson Coefficient between Body_Temp and Calories is: \n",
      "0.82456\n"
     ]
    }
   ],
   "source": [
    "col_to_check(['Duration','Heart_Rate','Body_Temp'], 'Calories', '2')"
   ]
  },
  {
   "cell_type": "code",
   "execution_count": 45,
   "metadata": {},
   "outputs": [
    {
     "data": {
      "text/html": [
       "<div>\n",
       "<style scoped>\n",
       "    .dataframe tbody tr th:only-of-type {\n",
       "        vertical-align: middle;\n",
       "    }\n",
       "\n",
       "    .dataframe tbody tr th {\n",
       "        vertical-align: top;\n",
       "    }\n",
       "\n",
       "    .dataframe thead th {\n",
       "        text-align: right;\n",
       "    }\n",
       "</style>\n",
       "<table border=\"1\" class=\"dataframe\">\n",
       "  <thead>\n",
       "    <tr style=\"text-align: right;\">\n",
       "      <th></th>\n",
       "      <th>Age</th>\n",
       "      <th>Height</th>\n",
       "      <th>Weight</th>\n",
       "      <th>Duration</th>\n",
       "      <th>Heart_Rate</th>\n",
       "      <th>Body_Temp</th>\n",
       "      <th>Calories</th>\n",
       "    </tr>\n",
       "  </thead>\n",
       "  <tbody>\n",
       "    <tr>\n",
       "      <th>Age</th>\n",
       "      <td>288.329371</td>\n",
       "      <td>2.313059</td>\n",
       "      <td>23.001902</td>\n",
       "      <td>1.871257</td>\n",
       "      <td>1.705643</td>\n",
       "      <td>0.174322</td>\n",
       "      <td>163.741593</td>\n",
       "    </tr>\n",
       "    <tr>\n",
       "      <th>Height</th>\n",
       "      <td>2.313059</td>\n",
       "      <td>203.293804</td>\n",
       "      <td>205.472776</td>\n",
       "      <td>-0.548636</td>\n",
       "      <td>0.072151</td>\n",
       "      <td>0.013335</td>\n",
       "      <td>15.616820</td>\n",
       "    </tr>\n",
       "    <tr>\n",
       "      <th>Weight</th>\n",
       "      <td>23.001902</td>\n",
       "      <td>205.472776</td>\n",
       "      <td>226.070974</td>\n",
       "      <td>-0.235702</td>\n",
       "      <td>0.621222</td>\n",
       "      <td>0.047980</td>\n",
       "      <td>33.319164</td>\n",
       "    </tr>\n",
       "    <tr>\n",
       "      <th>Duration</th>\n",
       "      <td>1.871257</td>\n",
       "      <td>-0.548636</td>\n",
       "      <td>-0.235702</td>\n",
       "      <td>69.209144</td>\n",
       "      <td>67.995533</td>\n",
       "      <td>5.854845</td>\n",
       "      <td>496.429152</td>\n",
       "    </tr>\n",
       "    <tr>\n",
       "      <th>Heart_Rate</th>\n",
       "      <td>1.705643</td>\n",
       "      <td>0.072151</td>\n",
       "      <td>0.621222</td>\n",
       "      <td>67.995533</td>\n",
       "      <td>91.840179</td>\n",
       "      <td>5.761479</td>\n",
       "      <td>537.423462</td>\n",
       "    </tr>\n",
       "    <tr>\n",
       "      <th>Body_Temp</th>\n",
       "      <td>0.174322</td>\n",
       "      <td>0.013335</td>\n",
       "      <td>0.047980</td>\n",
       "      <td>5.854845</td>\n",
       "      <td>5.761479</td>\n",
       "      <td>0.607199</td>\n",
       "      <td>40.129862</td>\n",
       "    </tr>\n",
       "    <tr>\n",
       "      <th>Calories</th>\n",
       "      <td>163.741593</td>\n",
       "      <td>15.616820</td>\n",
       "      <td>33.319164</td>\n",
       "      <td>496.429152</td>\n",
       "      <td>537.423462</td>\n",
       "      <td>40.129862</td>\n",
       "      <td>3900.874095</td>\n",
       "    </tr>\n",
       "  </tbody>\n",
       "</table>\n",
       "</div>"
      ],
      "text/plain": [
       "                   Age      Height      Weight    Duration  Heart_Rate  \\\n",
       "Age         288.329371    2.313059   23.001902    1.871257    1.705643   \n",
       "Height        2.313059  203.293804  205.472776   -0.548636    0.072151   \n",
       "Weight       23.001902  205.472776  226.070974   -0.235702    0.621222   \n",
       "Duration      1.871257   -0.548636   -0.235702   69.209144   67.995533   \n",
       "Heart_Rate    1.705643    0.072151    0.621222   67.995533   91.840179   \n",
       "Body_Temp     0.174322    0.013335    0.047980    5.854845    5.761479   \n",
       "Calories    163.741593   15.616820   33.319164  496.429152  537.423462   \n",
       "\n",
       "            Body_Temp     Calories  \n",
       "Age          0.174322   163.741593  \n",
       "Height       0.013335    15.616820  \n",
       "Weight       0.047980    33.319164  \n",
       "Duration     5.854845   496.429152  \n",
       "Heart_Rate   5.761479   537.423462  \n",
       "Body_Temp    0.607199    40.129862  \n",
       "Calories    40.129862  3900.874095  "
      ]
     },
     "execution_count": 45,
     "metadata": {},
     "output_type": "execute_result"
    }
   ],
   "source": [
    "df.drop('User_ID', axis=1).cov()"
   ]
  },
  {
   "cell_type": "code",
   "execution_count": 53,
   "metadata": {},
   "outputs": [
    {
     "data": {
      "text/html": [
       "<div>\n",
       "<style scoped>\n",
       "    .dataframe tbody tr th:only-of-type {\n",
       "        vertical-align: middle;\n",
       "    }\n",
       "\n",
       "    .dataframe tbody tr th {\n",
       "        vertical-align: top;\n",
       "    }\n",
       "\n",
       "    .dataframe thead th {\n",
       "        text-align: right;\n",
       "    }\n",
       "</style>\n",
       "<table border=\"1\" class=\"dataframe\">\n",
       "  <thead>\n",
       "    <tr style=\"text-align: right;\">\n",
       "      <th></th>\n",
       "      <th>Age</th>\n",
       "      <th>Height</th>\n",
       "      <th>Weight</th>\n",
       "      <th>Duration</th>\n",
       "      <th>Heart_Rate</th>\n",
       "      <th>Body_Temp</th>\n",
       "      <th>Calories</th>\n",
       "    </tr>\n",
       "  </thead>\n",
       "  <tbody>\n",
       "    <tr>\n",
       "      <th>Age</th>\n",
       "      <td>1.000000</td>\n",
       "      <td>0.009554</td>\n",
       "      <td>0.090094</td>\n",
       "      <td>0.013247</td>\n",
       "      <td>0.010482</td>\n",
       "      <td>0.013175</td>\n",
       "      <td>0.154395</td>\n",
       "    </tr>\n",
       "    <tr>\n",
       "      <th>Height</th>\n",
       "      <td>0.009554</td>\n",
       "      <td>1.000000</td>\n",
       "      <td>0.958451</td>\n",
       "      <td>-0.004625</td>\n",
       "      <td>0.000528</td>\n",
       "      <td>0.001200</td>\n",
       "      <td>0.017537</td>\n",
       "    </tr>\n",
       "    <tr>\n",
       "      <th>Weight</th>\n",
       "      <td>0.090094</td>\n",
       "      <td>0.958451</td>\n",
       "      <td>1.000000</td>\n",
       "      <td>-0.001884</td>\n",
       "      <td>0.004311</td>\n",
       "      <td>0.004095</td>\n",
       "      <td>0.035481</td>\n",
       "    </tr>\n",
       "    <tr>\n",
       "      <th>Duration</th>\n",
       "      <td>0.013247</td>\n",
       "      <td>-0.004625</td>\n",
       "      <td>-0.001884</td>\n",
       "      <td>1.000000</td>\n",
       "      <td>0.852869</td>\n",
       "      <td>0.903167</td>\n",
       "      <td>0.955421</td>\n",
       "    </tr>\n",
       "    <tr>\n",
       "      <th>Heart_Rate</th>\n",
       "      <td>0.010482</td>\n",
       "      <td>0.000528</td>\n",
       "      <td>0.004311</td>\n",
       "      <td>0.852869</td>\n",
       "      <td>1.000000</td>\n",
       "      <td>0.771529</td>\n",
       "      <td>0.897882</td>\n",
       "    </tr>\n",
       "    <tr>\n",
       "      <th>Body_Temp</th>\n",
       "      <td>0.013175</td>\n",
       "      <td>0.001200</td>\n",
       "      <td>0.004095</td>\n",
       "      <td>0.903167</td>\n",
       "      <td>0.771529</td>\n",
       "      <td>1.000000</td>\n",
       "      <td>0.824558</td>\n",
       "    </tr>\n",
       "    <tr>\n",
       "      <th>Calories</th>\n",
       "      <td>0.154395</td>\n",
       "      <td>0.017537</td>\n",
       "      <td>0.035481</td>\n",
       "      <td>0.955421</td>\n",
       "      <td>0.897882</td>\n",
       "      <td>0.824558</td>\n",
       "      <td>1.000000</td>\n",
       "    </tr>\n",
       "  </tbody>\n",
       "</table>\n",
       "</div>"
      ],
      "text/plain": [
       "                 Age    Height    Weight  Duration  Heart_Rate  Body_Temp  \\\n",
       "Age         1.000000  0.009554  0.090094  0.013247    0.010482   0.013175   \n",
       "Height      0.009554  1.000000  0.958451 -0.004625    0.000528   0.001200   \n",
       "Weight      0.090094  0.958451  1.000000 -0.001884    0.004311   0.004095   \n",
       "Duration    0.013247 -0.004625 -0.001884  1.000000    0.852869   0.903167   \n",
       "Heart_Rate  0.010482  0.000528  0.004311  0.852869    1.000000   0.771529   \n",
       "Body_Temp   0.013175  0.001200  0.004095  0.903167    0.771529   1.000000   \n",
       "Calories    0.154395  0.017537  0.035481  0.955421    0.897882   0.824558   \n",
       "\n",
       "            Calories  \n",
       "Age         0.154395  \n",
       "Height      0.017537  \n",
       "Weight      0.035481  \n",
       "Duration    0.955421  \n",
       "Heart_Rate  0.897882  \n",
       "Body_Temp   0.824558  \n",
       "Calories    1.000000  "
      ]
     },
     "execution_count": 53,
     "metadata": {},
     "output_type": "execute_result"
    }
   ],
   "source": [
    "df.drop('User_ID', axis=1).corr()"
   ]
  },
  {
   "cell_type": "code",
   "execution_count": null,
   "metadata": {},
   "outputs": [],
   "source": []
  }
 ],
 "metadata": {
  "kernelspec": {
   "display_name": "Python 3",
   "language": "python",
   "name": "python3"
  },
  "language_info": {
   "codemirror_mode": {
    "name": "ipython",
    "version": 3
   },
   "file_extension": ".py",
   "mimetype": "text/x-python",
   "name": "python",
   "nbconvert_exporter": "python",
   "pygments_lexer": "ipython3",
   "version": "3.8.3"
  }
 },
 "nbformat": 4,
 "nbformat_minor": 4
}
